%YAML:1.0
---
calibration_time: "Thu Aug  3 20:37:42 2023"
image_width: 640
image_height: 480
flags: 0
camera_matrix: !!opencv-matrix
   rows: 3
   cols: 3
   dt: d
   data: [ 5.1651729002379011e+02, 0., 3.1590952298213460e+02, 0.,
       5.1430241904718252e+02, 2.5910882662775094e+02, 0., 0., 1. ]
distortion_coefficients: !!opencv-matrix
   rows: 1
   cols: 5
   dt: d
   data: [ -1.6106659964795284e-01, 1.4957434691292195e+00,
       1.4780992354568413e-02, -7.8069881234447301e-03,
       -3.7045611810367123e+00 ]
avg_reprojection_error: 5.4501418635043797e-01
